0 0.09134615384615384 0.1658653846153846 0.3004807692307692 0.1658653846153846 0.3004807692307692 0.37740384615384615 0.09134615384615384 0.37740384615384615
0 0.7163461538461539 0.8149038461538461 0.8173076923076923 0.8149038461538461 0.8173076923076923 0.9158653846153846 0.7163461538461539 0.9158653846153846
0 0.8581730769230769 0.46634615384615385 0.9423076923076923 0.46634615384615385 0.9423076923076923 0.5504807692307693 0.8581730769230769 0.5504807692307693
0 0.7764423076923077 0.27884615384615385 0.8557692307692307 0.27884615384615385 0.8557692307692307 0.3605769230769231 0.7764423076923077 0.3605769230769231
0 0.125 0.6009615384615384 0.18509615384615385 0.6009615384615384 0.18509615384615385 0.6610576923076923 0.125 0.6610576923076923
0 0.7884615384615384 0.5913461538461539 0.8341346153846154 0.5913461538461539 0.8341346153846154 0.6394230769230769 0.7884615384615384 0.6394230769230769
0 0.84375 0.04326923076923077 0.8870192307692307 0.04326923076923077 0.8870192307692307 0.08653846153846154 0.84375 0.08653846153846154
0 0.6923076923076923 0.6033653846153846 0.7355769230769231 0.6033653846153846 0.7355769230769231 0.6466346153846154 0.6923076923076923 0.6466346153846154
0 0.04807692307692308 0.78125 0.09134615384615384 0.78125 0.09134615384615384 0.8245192307692307 0.04807692307692308 0.8245192307692307
0 0.9158653846153846 0.8004807692307693 0.9567307692307693 0.8004807692307693 0.9567307692307693 0.8413461538461539 0.9158653846153846 0.8413461538461539
0 0.4495192307692308 0.6129807692307693 0.4855769230769231 0.6129807692307693 0.4855769230769231 0.6466346153846154 0.4495192307692308 0.6466346153846154
0 0.15384615384615385 0.5841346153846154 0.1875 0.5841346153846154 0.1875 0.6177884615384616 0.15384615384615385 0.6177884615384616