0 0.6995192307692307 0.1658653846153846 0.9086538461538461 0.1658653846153846 0.9086538461538461 0.37740384615384615 0.6995192307692307 0.37740384615384615
0 0.18269230769230768 0.8149038461538461 0.28365384615384615 0.8149038461538461 0.28365384615384615 0.9158653846153846 0.18269230769230768 0.9158653846153846
0 0.057692307692307696 0.46634615384615385 0.14182692307692307 0.46634615384615385 0.14182692307692307 0.5504807692307693 0.057692307692307696 0.5504807692307693
0 0.14423076923076922 0.27884615384615385 0.22355769230769232 0.27884615384615385 0.22355769230769232 0.3605769230769231 0.14423076923076922 0.3605769230769231
0 0.8149038461538461 0.6009615384615384 0.875 0.6009615384615384 0.875 0.6610576923076923 0.8149038461538461 0.6610576923076923
0 0.1658653846153846 0.5913461538461539 0.21153846153846154 0.5913461538461539 0.21153846153846154 0.6394230769230769 0.1658653846153846 0.6394230769230769
0 0.11298076923076923 0.04326923076923077 0.15625 0.04326923076923077 0.15625 0.08653846153846154 0.11298076923076923 0.08653846153846154
0 0.2644230769230769 0.6033653846153846 0.3076923076923077 0.6033653846153846 0.3076923076923077 0.6466346153846154 0.2644230769230769 0.6466346153846154
0 0.9086538461538461 0.78125 0.9519230769230769 0.78125 0.9519230769230769 0.8245192307692307 0.9086538461538461 0.8245192307692307
0 0.04326923076923077 0.8004807692307693 0.08413461538461539 0.8004807692307693 0.08413461538461539 0.8413461538461539 0.04326923076923077 0.8413461538461539
0 0.5144230769230769 0.6129807692307693 0.5504807692307693 0.6129807692307693 0.5504807692307693 0.6466346153846154 0.5144230769230769 0.6466346153846154
0 0.8125 0.5841346153846154 0.8461538461538461 0.5841346153846154 0.8461538461538461 0.6177884615384616 0.8125 0.6177884615384616