0 0.09134615384615384 0.6225961538461539 0.3004807692307692 0.6225961538461539 0.3004807692307692 0.8341346153846154 0.09134615384615384 0.8341346153846154
0 0.7163461538461539 0.08413461538461539 0.8173076923076923 0.08413461538461539 0.8173076923076923 0.18509615384615385 0.7163461538461539 0.18509615384615385
0 0.8581730769230769 0.4495192307692308 0.9423076923076923 0.4495192307692308 0.9423076923076923 0.5336538461538461 0.8581730769230769 0.5336538461538461
0 0.7764423076923077 0.6394230769230769 0.8557692307692307 0.6394230769230769 0.8557692307692307 0.7211538461538461 0.7764423076923077 0.7211538461538461
0 0.125 0.3389423076923077 0.18509615384615385 0.3389423076923077 0.18509615384615385 0.39903846153846156 0.125 0.39903846153846156
0 0.7884615384615384 0.3605769230769231 0.8341346153846154 0.3605769230769231 0.8341346153846154 0.40865384615384615 0.7884615384615384 0.40865384615384615
0 0.84375 0.9134615384615384 0.8870192307692307 0.9134615384615384 0.8870192307692307 0.9567307692307693 0.84375 0.9567307692307693
0 0.6923076923076923 0.35336538461538464 0.7355769230769231 0.35336538461538464 0.7355769230769231 0.39663461538461536 0.6923076923076923 0.39663461538461536
0 0.04807692307692308 0.17548076923076922 0.09134615384615384 0.17548076923076922 0.09134615384615384 0.21875 0.04807692307692308 0.21875
0 0.9158653846153846 0.15865384615384615 0.9567307692307693 0.15865384615384615 0.9567307692307693 0.19951923076923078 0.9158653846153846 0.19951923076923078
0 0.4495192307692308 0.35336538461538464 0.4855769230769231 0.35336538461538464 0.4855769230769231 0.3870192307692308 0.4495192307692308 0.3870192307692308
0 0.15384615384615385 0.38221153846153844 0.1875 0.38221153846153844 0.1875 0.41586538461538464 0.15384615384615385 0.41586538461538464