0 0.6995192307692307 0.6225961538461539 0.9086538461538461 0.6225961538461539 0.9086538461538461 0.8341346153846154 0.6995192307692307 0.8341346153846154
0 0.18269230769230768 0.08413461538461539 0.28365384615384615 0.08413461538461539 0.28365384615384615 0.18509615384615385 0.18269230769230768 0.18509615384615385
0 0.057692307692307696 0.4495192307692308 0.14182692307692307 0.4495192307692308 0.14182692307692307 0.5336538461538461 0.057692307692307696 0.5336538461538461
0 0.14423076923076922 0.6394230769230769 0.22355769230769232 0.6394230769230769 0.22355769230769232 0.7211538461538461 0.14423076923076922 0.7211538461538461
0 0.8149038461538461 0.3389423076923077 0.875 0.3389423076923077 0.875 0.39903846153846156 0.8149038461538461 0.39903846153846156
0 0.1658653846153846 0.3605769230769231 0.21153846153846154 0.3605769230769231 0.21153846153846154 0.40865384615384615 0.1658653846153846 0.40865384615384615
0 0.11298076923076923 0.9134615384615384 0.15625 0.9134615384615384 0.15625 0.9567307692307693 0.11298076923076923 0.9567307692307693
0 0.2644230769230769 0.35336538461538464 0.3076923076923077 0.35336538461538464 0.3076923076923077 0.39663461538461536 0.2644230769230769 0.39663461538461536
0 0.9086538461538461 0.17548076923076922 0.9519230769230769 0.17548076923076922 0.9519230769230769 0.21875 0.9086538461538461 0.21875
0 0.04326923076923077 0.15865384615384615 0.08413461538461539 0.15865384615384615 0.08413461538461539 0.19951923076923078 0.04326923076923077 0.19951923076923078
0 0.5144230769230769 0.35336538461538464 0.5504807692307693 0.35336538461538464 0.5504807692307693 0.3870192307692308 0.5144230769230769 0.3870192307692308
0 0.8125 0.38221153846153844 0.8461538461538461 0.38221153846153844 0.8461538461538461 0.41586538461538464 0.8125 0.41586538461538464